 1 0 1 -1 0 -1 2
 -1 0 -1 1 0 1 1
 1 0 -1 -1 0 1 4
 -1 0 1 1 0 -1 3
 0 1 1 0 -1 -1 6
 0 -1 -1 0 1 1 5
 0 1 -1 0 -1 1 8
 0 -1 1 0 1 -1 7
 1 1 0 -1 -1 0 10
 -1 -1 0 1 1 0 9
 1 -1 0 -1 1 0 12
 -1 1 0 1 -1 0 11
 0 0 0 0 0 0 13
 0 1 3 3 4 2 2 4 4 2 4 2 5
 1 0 3 3 2 4 4 2 2 4 2 4 5
 3 3 0 1 2 4 4 2 4 2 4 2 5
 3 3 1 0 4 2 2 4 2 4 2 4 5
 4 2 2 4 0 1 3 3 4 2 2 4 5
 2 4 4 2 1 0 3 3 2 4 4 2 5
 2 4 4 2 3 3 0 1 4 2 2 4 5
 4 2 2 4 3 3 1 0 2 4 4 2 5
 4 2 4 2 4 2 4 2 0 1 3 3 5
 2 4 2 4 2 4 2 4 1 0 3 3 5
 4 2 4 2 2 4 2 4 3 3 0 1 5
 2 4 2 4 4 2 4 2 3 3 1 0 5
 6 6 6 6 6 6 6 6 6 6 6 6 7
 0 0 0 0 11 0 0 9 8 0 5 0
 0 0 0 0 0 12 10 0 0 7 0 6
 0 0 0 0 0 9 11 0 6 0 7 0
 0 0 0 0 10 0 0 12 0 5 0 8
 12 0 0 9 0 0 0 0 4 0 0 1
 0 11 10 0 0 0 0 0 0 3 2 0
 0 9 12 0 0 0 0 0 2 0 0 3
 10 0 0 11 0 0 0 0 0 1 4 0
 7 0 5 0 3 0 1 0 0 0 0 0
 0 8 0 6 0 4 0 2 0 0 0 0
 6 0 8 0 0 1 0 3 0 0 0 0
 0 5 0 7 2 0 4 0 0 0 0 0
 0 2 1 1 1 11 11 1 1 11 1 11 4
 3 0 3 3 3 14 14 3 3 14 3 14 6
 1 2 0 1 1 11 11 1 1 11 1 11 4
 1 2 1 0 1 11 11 1 1 11 1 11 4
 1 2 1 1 0 11 11 1 1 11 1 11 4
 10 13 10 10 10 0 12 10 10 12 10 12 8
 10 13 10 10 10 12 0 10 10 12 10 12 8
 1 2 1 1 1 11 11 0 1 11 1 11 4
 1 2 1 1 1 11 11 1 0 11 1 11 4
 10 13 10 10 10 12 12 10 10 0 10 12 8
 1 2 1 1 1 11 11 1 1 11 0 11 4
 10 13 10 10 10 12 12 10 10 12 10 0 8
 5 7 5 5 5 9 9 5 5 9 5 9 15
 0 3 3 3 14 3 3 14 14 3 14 3 6
 2 0 1 1 11 1 1 11 11 1 11 1 4
 2 1 0 1 11 1 1 11 11 1 11 1 4
 2 1 1 0 11 1 1 11 11 1 11 1 4
 13 10 10 10 0 10 10 12 12 10 12 10 8
 2 1 1 1 11 0 1 11 11 1 11 1 4
 2 1 1 1 11 1 0 11 11 1 11 1 4
 13 10 10 10 12 10 10 0 12 10 12 10 8
 13 10 10 10 12 10 10 12 0 10 12 10 8
 2 1 1 1 11 1 1 11 11 0 11 1 4
 13 10 10 10 12 10 10 12 12 10 0 10 8
 2 1 1 1 11 1 1 11 11 1 11 0 4
 7 5 5 5 9 5 5 9 9 5 9 5 15
 0 1 1 2 11 1 1 11 1 11 1 11 4
 1 0 1 2 11 1 1 11 1 11 1 11 4
 1 1 0 2 11 1 1 11 1 11 1 11 4
 3 3 3 0 14 3 3 14 3 14 3 14 6
 10 10 10 13 0 10 10 12 10 12 10 12 8
 1 1 1 2 11 0 1 11 1 11 1 11 4
 1 1 1 2 11 1 0 11 1 11 1 11 4
 10 10 10 13 12 10 10 0 10 12 10 12 8
 1 1 1 2 11 1 1 11 0 11 1 11 4
 10 10 10 13 12 10 10 12 10 0 10 12 8
 1 1 1 2 11 1 1 11 1 11 0 11 4
 10 10 10 13 12 10 10 12 10 12 10 0 8
 5 5 5 7 9 5 5 9 5 9 5 9 15
 0 1 2 1 1 11 11 1 11 1 11 1 4
 1 0 2 1 1 11 11 1 11 1 11 1 4
 3 3 0 3 3 14 14 3 14 3 14 3 6
 1 1 2 0 1 11 11 1 11 1 11 1 4
 1 1 2 1 0 11 11 1 11 1 11 1 4
 10 10 13 10 10 0 12 10 12 10 12 10 8
 10 10 13 10 10 12 0 10 12 10 12 10 8
 1 1 2 1 1 11 11 0 11 1 11 1 4
 10 10 13 10 10 12 12 10 0 10 12 10 8
 1 1 2 1 1 11 11 1 11 0 11 1 4
 10 10 13 10 10 12 12 10 12 10 0 10 8
 1 1 2 1 1 11 11 1 11 1 11 0 4
 5 5 7 5 5 9 9 5 9 5 9 5 15
 0 11 11 1 1 2 1 1 1 11 11 1 4
 10 0 12 10 10 13 10 10 10 12 12 10 8
 10 12 0 10 10 13 10 10 10 12 12 10 8
 1 11 11 0 1 2 1 1 1 11 11 1 4
 1 11 11 1 0 2 1 1 1 11 11 1 4
 3 14 14 3 3 0 3 3 3 14 14 3 6
 1 11 11 1 1 2 0 1 1 11 11 1 4
 1 11 11 1 1 2 1 0 1 11 11 1 4
 1 11 11 1 1 2 1 1 0 11 11 1 4
 10 12 12 10 10 13 10 10 10 0 12 10 8
 10 12 12 10 10 13 10 10 10 12 0 10 8
 1 11 11 1 1 2 1 1 1 11 11 0 4
 5 9 9 5 5 7 5 5 5 9 9 5 15
 0 10 10 12 13 10 10 10 12 10 10 12 8
 11 0 1 11 2 1 1 1 11 1 1 11 4
 11 1 0 11 2 1 1 1 11 1 1 11 4
 12 10 10 0 13 10 10 10 12 10 10 12 8
 14 3 3 14 0 3 3 3 14 3 3 14 6
 11 1 1 11 2 0 1 1 11 1 1 11 4
 11 1 1 11 2 1 0 1 11 1 1 11 4
 11 1 1 11 2 1 1 0 11 1 1 11 4
 12 10 10 12 13 10 10 10 0 10 10 12 8
 11 1 1 11 2 1 1 1 11 0 1 11 4
 11 1 1 11 2 1 1 1 11 1 0 11 4
 12 10 10 12 13 10 10 10 12 10 10 0 8
 9 5 5 9 7 5 5 5 9 5 5 9 15
 0 10 10 12 10 10 10 13 10 12 12 10 8
 11 0 1 11 1 1 1 2 1 11 11 1 4
 11 1 0 11 1 1 1 2 1 11 11 1 4
 12 10 10 0 10 10 10 13 10 12 12 10 8
 11 1 1 11 0 1 1 2 1 11 11 1 4
 11 1 1 11 1 0 1 2 1 11 11 1 4
 11 1 1 11 1 1 0 2 1 11 11 1 4
 14 3 3 14 3 3 3 0 3 14 14 3 6
 11 1 1 11 1 1 1 2 0 11 11 1 4
 12 10 10 12 10 10 10 13 10 0 12 10 8
 12 10 10 12 10 10 10 13 10 12 0 10 8
 11 1 1 11 1 1 1 2 1 11 11 0 4
 9 5 5 9 5 5 5 7 5 9 9 5 15
 0 11 11 1 1 1 2 1 11 1 1 11 4
 10 0 12 10 10 10 13 10 12 10 10 12 8
 10 12 0 10 10 10 13 10 12 10 10 12 8
 1 11 11 0 1 1 2 1 11 1 1 11 4
 1 11 11 1 0 1 2 1 11 1 1 11 4
 1 11 11 1 1 0 2 1 11 1 1 11 4
 3 14 14 3 3 3 0 3 14 3 3 14 6
 1 11 11 1 1 1 2 0 11 1 1 11 4
 10 12 12 10 10 10 13 10 0 10 10 12 8
 1 11 11 1 1 1 2 1 11 0 1 11 4
 1 11 11 1 1 1 2 1 11 1 0 11 4
 10 12 12 10 10 10 13 10 12 10 10 0 8
 5 9 9 5 5 5 7 5 9 5 5 9 15
 0 11 1 11 1 11 1 11 1 2 1 1 4
 10 0 10 12 10 12 10 12 10 13 10 10 8
 1 11 0 11 1 11 1 11 1 2 1 1 4
 10 12 10 0 10 12 10 12 10 13 10 10 8
 1 11 1 11 0 11 1 11 1 2 1 1 4
 10 12 10 12 10 0 10 12 10 13 10 10 8
 1 11 1 11 1 11 0 11 1 2 1 1 4
 10 12 10 12 10 12 10 0 10 13 10 10 8
 1 11 1 11 1 11 1 11 0 2 1 1 4
 3 14 3 14 3 14 3 14 3 0 3 3 6
 1 11 1 11 1 11 1 11 1 2 0 1 4
 1 11 1 11 1 11 1 11 1 2 1 0 4
 5 9 5 9 5 9 5 9 5 7 5 5 15
 0 10 12 10 12 10 12 10 13 10 10 10 8
 11 0 11 1 11 1 11 1 2 1 1 1 4
 12 10 0 10 12 10 12 10 13 10 10 10 8
 11 1 11 0 11 1 11 1 2 1 1 1 4
 12 10 12 10 0 10 12 10 13 10 10 10 8
 11 1 11 1 11 0 11 1 2 1 1 1 4
 12 10 12 10 12 10 0 10 13 10 10 10 8
 11 1 11 1 11 1 11 0 2 1 1 1 4
 14 3 14 3 14 3 14 3 0 3 3 3 6
 11 1 11 1 11 1 11 1 2 0 1 1 4
 11 1 11 1 11 1 11 1 2 1 0 1 4
 11 1 11 1 11 1 11 1 2 1 1 0 4
 9 5 9 5 9 5 9 5 7 5 5 5 15
 0 11 1 11 11 1 11 1 1 1 1 2 4
 10 0 10 12 12 10 12 10 10 10 10 13 8
 1 11 0 11 11 1 11 1 1 1 1 2 4
 10 12 10 0 12 10 12 10 10 10 10 13 8
 10 12 10 12 0 10 12 10 10 10 10 13 8
 1 11 1 11 11 0 11 1 1 1 1 2 4
 10 12 10 12 12 10 0 10 10 10 10 13 8
 1 11 1 11 11 1 11 0 1 1 1 2 4
 1 11 1 11 11 1 11 1 0 1 1 2 4
 1 11 1 11 11 1 11 1 1 0 1 2 4
 1 11 1 11 11 1 11 1 1 1 0 2 4
 3 14 3 14 14 3 14 3 3 3 3 0 6
 5 9 5 9 9 5 9 5 5 5 5 7 15
 0 10 12 10 10 12 10 12 10 10 13 10 8
 11 0 11 1 1 11 1 11 1 1 2 1 4
 12 10 0 10 10 12 10 12 10 10 13 10 8
 11 1 11 0 1 11 1 11 1 1 2 1 4
 11 1 11 1 0 11 1 11 1 1 2 1 4
 12 10 12 10 10 0 10 12 10 10 13 10 8
 11 1 11 1 1 11 0 11 1 1 2 1 4
 12 10 12 10 10 12 10 0 10 10 13 10 8
 11 1 11 1 1 11 1 11 0 1 2 1 4
 11 1 11 1 1 11 1 11 1 0 2 1 4
 14 3 14 3 3 14 3 14 3 3 0 3 6
 11 1 11 1 1 11 1 11 1 1 2 0 4
 9 5 9 5 5 9 5 9 5 5 7 5 15
 0 0 0 0 0 11 9 0 0 8 0 5
 0 0 0 0 12 0 0 10 7 0 6 0
 0 0 0 0 9 0 0 11 0 6 0 7
 0 0 0 0 0 10 12 0 5 0 8 0
 0 12 9 0 0 0 0 0 0 4 1 0
 11 0 0 10 0 0 0 0 3 0 0 2
 9 0 0 12 0 0 0 0 0 2 3 0
 0 10 11 0 0 0 0 0 1 0 0 4
 0 7 0 5 0 3 0 1 0 0 0 0
 8 0 6 0 4 0 2 0 0 0 0 0
 0 6 0 8 1 0 3 0 0 0 0 0
 5 0 7 0 0 2 0 4 0 0 0 0
