                   x             chainend          chainenddev
 l=         100
                   1    78.97000000000000     5.51481933731580
                   2    74.48999999999999     6.34607171899485
                   3    67.23999999999999     5.21288225592536
                   4    63.74000000000000     6.19321883966323
                   5    66.37000000000000     5.40230964448998
                   6    63.02000000000000     5.00702536745152
                   7    77.39000000000000     7.03654960211539
                   8    74.98000000000000     4.46983153367036
                   9    70.30000000000000     5.93993504028691
                  10    69.56999999999999     5.47031474728314
                  11    60.69000000000000     4.80045241975623
                  12    62.18000000000000     5.45204993418517
                  13    77.13000000000000     7.01175780205987
                  14    78.45000000000000     7.00703110086468
                  15    70.40000000000001     5.40295467239169
                  16    66.52000000000000     5.38887743412299
                  17    63.39000000000000     6.24887060502807
                  18    60.95000000000000     6.69444968355552
                  19    80.04000000000001     7.63024285724944
                  20    75.42000000000000     8.42216891857016
                  21    66.93000000000001     7.02988569816700
                  22    65.31999999999999     6.90027081886917
                  23    62.62000000000000     7.88910513290194
                  24    63.47000000000000     6.38092960518000
                  25    83.09000000000000     6.54139113490380
                  26    74.72000000000000     7.68190843291673
                  27    67.89000000000000     4.92549541168247
                  28    65.15000000000001     4.64361188226700
                  29    64.36000000000000     4.63957504149427
                  30    64.68000000000001     5.28745418109431
                  31    79.19000000000000     5.60608435703404
                  32    72.36000000000000     5.17476393840162
                  33    69.94000000000000     7.31653723913964
                  34    66.41000000000000     7.01239162936843
                  35    66.40000000000001     5.60843520552261
                  36    61.96000000000000     5.04108373790054
                  37    73.13000000000000     6.27268408710065
                  38    71.20000000000000     5.30294372223694
                  39    72.55000000000000     6.02247474218049
                  40    64.00000000000000     5.08513380930983
                  41    63.59000000000000     5.00523967881901
                  42    66.05000000000000     7.35722691499915
                  43    75.09000000000000     6.16456966802381
                  44    71.65000000000001     5.30175309294821
                  45    70.03000000000000     6.83345158803811
                  46    69.09000000000000     4.80549979532080
                  47    63.04000000000000     6.10831524657292
                  48    66.97000000000000     5.86455712761248
                  49    73.02000000000000     8.23638147477276
                  50    76.08000000000000     8.12364052340669
                  51    70.45000000000000     6.33791700160170
                  52    67.77000000000000     6.29711333577826
                  53    66.51000000000001     5.20197126582847
                  54    66.23000000000000     6.61320228364779
                  55    60.33000000000000     5.09119858484257
                  56    61.29000000000000     4.80171476104783
                  57    79.39000000000000     6.61631744746702
                  58    73.14000000000000     5.57595849440373
                  59    73.29000000000001     7.93444733711520
                  60    64.48999999999999     4.58917258887755
                  61    60.31000000000000     5.56448877737527
                  62    63.43000000000000     5.89684901306013
                  63    74.16000000000000     6.70100248794420
                  64    76.34999999999999     5.89534142395930
                  65    73.22000000000000     7.30929945930925
                  66    64.87000000000000     5.01040331851054
                  67    64.19000000000000     5.98093773263158
                  68    63.92000000000000     5.92662201298923
                  69    74.87000000000000     7.27199554399748
                  70    79.15000000000001     7.35859972406367
                  71    64.93000000000001     4.17364264513541
                  72    65.25000000000000     5.32646337837895
                  73    66.43000000000001     7.41994990317701
                  74    60.42000000000000     6.18270641271754
                  75    76.23000000000000     5.15782234214511
                  76    80.37000000000000     6.02126702328144
                  77    67.17000000000000     6.61656171201394
                  78    62.13000000000000     6.53916715421062
                  79    64.88000000000000     7.30473763520579
                  80    62.45000000000000     6.19118793777156
                  81    78.20999999999999     7.87182034573678
                  82    74.92000000000000     8.65463033656703
                  83    64.56000000000000     4.53119379101327
                  84    71.27000000000000     4.76276593944521
                  85    65.95999999999999     4.76926184916058
                  86    66.34000000000000     5.32237510587865
                  87    74.31999999999999     4.73303456163339
                  88    70.59999999999999     4.68395067644760
                  89    71.55000000000000     4.79977903531806
                  90    65.73999999999999     5.82509374789086
                  91    65.79000000000001     3.73164193286970
                  92    63.18000000000000     4.33305360402494
                  93    72.47000000000000     5.35121056822235
                  94    78.59999999999999     5.21845985251618
                  95    72.19000000000000     4.74755652196927
                  96    69.64000000000000     5.55872232976193
                  97    67.05000000000000     4.98558528219713
                  98    62.44000000000000     6.49991452935259
                  99    71.25000000000000     5.21531350443048
                 100    69.48000000000000     4.64818852518447
                 101    72.47000000000000     5.03814740682816
                 102    68.22000000000000     5.77801475815479
                 103    62.34000000000000     4.87877282135828
                 104    64.90000000000001     5.57501641977924
                 105    73.31999999999999     6.84589385151878
                 106    70.58000000000000     6.66542412663131
                 107    70.62000000000000     7.02632855261501
                 108    69.47000000000000     6.79044932388145
                 109    68.38000000000000     7.00328927048288
                 110    59.29000000000000     4.76369901261911
                 111    64.84000000000000     4.87359407336302
                 112    61.30000000000000     4.88555901291621
                 113    80.56999999999999     5.62687454735906
                 114    74.89000000000000     4.67940901042735
                 115    66.47000000000000     6.04771431905050
                 116    66.58000000000000     4.92607984367515
                 117    63.01000000000000     4.00881604225064
                 118    63.63000000000000     3.12582918292220
                 119    75.47000000000000     6.39516073356103
                 120    80.31999999999999     5.54299995353135
                 121    68.51000000000001     4.94718571155829
                 122    62.73000000000000     5.33116433167400
                 123    64.78000000000000     5.03438680526740
                 124    62.57000000000000     5.89342211642983
                 125    76.58000000000000     4.89316158562440
                 126    79.91000000000000     4.36722180140032
                 127    64.55000000000000     4.64578662158878
                 128    68.59999999999999     4.40385506050544
                 129    63.84000000000000     4.64653667050019
                 130    60.99000000000000     5.75860357652054
                 131    76.51000000000001     6.00588095624664
                 132    79.17000000000000     5.62471997058296
                 133    68.65000000000001     4.18601567994283
                 134    67.26000000000001     5.38538988768912
                 135    63.63000000000000     3.28342947098138
                 136    63.67000000000000     3.17202099168924
                 137    72.31000000000000     4.42146965831430
                 138    72.54000000000001     4.41626927886359
                 139    69.56000000000000     4.10793762308430
                 140    68.59000000000000     3.72025577484977
                 141    65.20999999999999     5.77226912999480
                 142    65.95999999999999     4.43794474226004
                 143    74.64000000000000     3.95050182210623
                 144    72.19000000000000     3.93301231355635
                 145    69.50000000000000     4.33566370905076
                 146    67.97000000000000     4.66115475353089
                 147    65.28000000000000     4.28782631941343
                 148    66.38000000000000     3.71940040785331
                 149    71.41000000000000     3.51934050295756
                 150    70.52000000000000     3.17655553241322
                 151    68.70000000000000     5.31910982147664
                 152    70.68000000000001     3.16508732545846
                 153    64.64000000000000     3.24276973520408
                 154    66.20000000000000     3.60975110365009
                 155    72.45999999999999     2.99973062763706
                 156    73.73999999999999     3.25551590971137
                 157    69.34000000000000     3.35212882759116
                 158    70.67000000000000     2.65168138007079
                 159    66.63000000000000     3.36546633267421
                 160    64.87000000000000     2.91167971931646
                 161    68.76000000000001     2.86081149750249
                 162    69.37000000000000     2.66156709363852
                 163    67.73999999999999     4.67233422078377
                 164    67.95999999999999     4.24006861007954
                 165    68.65000000000001     1.89829801494269
                 166    69.90000000000001     2.07680796250672
                 167    63.02000000000000     1.30252280462403
                 168    62.39000000000000     1.90636891084659
                 169    76.78000000000000     1.59911591736550
                 170    77.80000000000000     2.29183883650776
                 171    68.16000000000000     2.30817606947060
                 172    67.56000000000000     1.51304095426823
                 173    62.33000000000000     1.83707606942350
                 174    61.98000000000000     2.08883515942075
                 175    77.02000000000000     3.19083282881039
                 176    78.27000000000000     1.96358258437392
                 177    66.89000000000000     1.94310487767814
                 178    67.59999999999999     2.50655705756487
                 179    61.78000000000000     1.21920656431330
                 180    62.17000000000000     1.15518156341090
                 181    78.20999999999999     1.65934756559147
                 182    77.79000000000001     1.04731498932684
                 183    66.61000000000000     2.26922760854744
                 184    67.15000000000001     2.53211693284812
                 185    62.66000000000000     1.19949484316852
                 186    62.73000000000000     1.48972914628564
                 187    77.70000000000000     2.40999601827074
                 188    76.09000000000000     2.95452059041597
                 189    67.43000000000001     1.73644825009343
                 190    67.37000000000000     1.44008276978734
                 191    64.06000000000000     2.97063065099761
                 192    62.15000000000000     2.70941120742295
                 193    71.94000000000000     2.87735849681473
                 194    70.37000000000000     2.29472385610068
                 195    72.59000000000000     2.44575492879339
                 196    70.81999999999999     3.62756005039088
                 197    64.05000000000000     0.90313706914098
                 198    63.79000000000000     1.11278157258414
                 199    71.78000000000000     1.12438535397897
                 200    71.90000000000001     1.65450105390530
                 201    71.69000000000000     2.06801031589948
                 202    72.03000000000000     3.23633100653168
                 203    62.29000000000000     3.40615900860767
                 204    66.93000000000001     2.95164737430172
                 205    68.70999999999999     3.17596720335202
                 206    67.29000000000001     3.21704739464527
                 207    72.64000000000000     4.40275395908543
                 208    74.84000000000000     2.87349433564253
                 209    67.00000000000000     2.97803406103538
                 210    67.18000000000001     2.69072480941474
                 211    66.67000000000000     2.10365242741132
                 212    68.80000000000000     2.91980350798689
                 213    73.34000000000000     2.58675726176871
                 214    73.48999999999999     2.49239246548777
                 215    66.56000000000000     2.06617785030498
                 216    67.27000000000000     1.41317752142847
                 217    61.06000000000000     0.34289321599553
                 218    60.75000000000000     0.65712874067277
                 219    77.27000000000000     1.23791124173918
                 220    77.02000000000000     1.17189305541646
                 221    67.19000000000000     0.87264835501773
                 222    66.65000000000001     1.25830573921179
                 223    63.09000000000000     0.51433982399330
                 224    62.91000000000000     0.51433982399330
                 225    77.03000000000000     0.17144660799777
                 226    76.97000000000000     0.17144660799777
                 227    67.06999999999999     0.25643239997624
                 228    66.93000000000001     0.25643239997624
                 229    63.00000000000000     0.00000000000000
                 230    63.00000000000000     0.00000000000000
                 231    78.00000000000000     0.00000000000000
                 232    78.00000000000000     0.00000000000000
                 233    70.37000000000000     1.22808054222099
                 234    65.63000000000000     1.22808054222099
                 235    63.79000000000000     0.40936018074033
                 236    61.42000000000000     0.81872036148066
                 237    64.15000000000001     6.14040271110499
                 238    84.69000000000000     4.50296198814365
                 239    71.73999999999999     2.45616108444200
                 240    65.42000000000000     0.81872036148066
                 241    64.58000000000000     0.81872036148066
                 242    64.58000000000000     0.81872036148066
                 243    74.63000000000000     1.22808054222099
                 244    77.79000000000001     0.40936018074033
                 245    55.52000000000000     4.91232216888398
                 246    72.11000000000000     3.68424162666300
                 247    66.00000000000000     0.00000000000000
                 248    69.16000000000000     1.63744072296133
                 249    60.05000000000000     2.04680090370167
                 250    66.58000000000000     0.81872036148066
                 251    74.84000000000000     1.63744072296133
                 252    79.37000000000000     1.22808054222099
                 253    67.37000000000000     1.22808054222099
                 254    64.20999999999999     0.40936018074033
                 255    61.26000000000000     2.45616108444199
                 256    70.73999999999999     2.45616108444200
                 257    76.20999999999999     0.40936018074033
                 258    79.37000000000000     1.22808054222099
                 259    79.22000000000000     7.36848325332600
                 260    49.99000000000000     7.77784343406633
                 261    59.63000000000000     1.22808054222100
                 262    63.58000000000000     0.81872036148066
                 263    80.00000000000000     0.00000000000000
                 264    80.00000000000000     0.00000000000000
                 265    66.00000000000000     0.00000000000000
                 266    66.00000000000000     0.00000000000000
                 267    62.00000000000000     0.00000000000000
                 268    62.00000000000000     0.00000000000000
                 269    80.00000000000000     0.00000000000000
                 270    80.00000000000000     0.00000000000000
                 271    64.00000000000000     0.00000000000000
                 272    64.00000000000000     0.00000000000000
                 273    63.00000000000000     0.00000000000000
                 274    63.00000000000000     0.00000000000000
                 275    77.00000000000000     0.00000000000000
                 276    77.00000000000000     0.00000000000000
                 277    68.00000000000000     0.00000000000000
                 278    68.00000000000000     0.00000000000000
                 279    63.00000000000000     0.00000000000000
                 280    63.00000000000000     0.00000000000000
                 281    76.00000000000000     0.00000000000000
                 282    76.00000000000000     0.00000000000000
                 283    68.00000000000000     0.00000000000000
                 284    68.00000000000000     0.00000000000000
                 285    63.82000000000000     0.38612291966537
                 286    64.18000000000001     0.38612291966537
                 287    76.00000000000000     0.00000000000000
                 288    76.00000000000000     0.00000000000000
                 289    68.00000000000000     0.00000000000000
                 290    68.00000000000000     0.00000000000000
                 291    64.00000000000000     0.00000000000000
                 292    64.00000000000000     0.00000000000000
                 293    75.00000000000000     0.00000000000000
                 294    75.00000000000000     0.00000000000000
                 295    68.00000000000000     0.00000000000000
                 296    68.00000000000000     0.00000000000000
                 297    64.00000000000000     0.00000000000000
                 298    64.00000000000000     0.00000000000000
                 299    60.00000000000000     0.00000000000000
                 300    61.00000000000000     0.00000000000000
 l=         200
                   1    77.06999999999999     4.74874784133734
                   2    70.34999999999999     5.14904129548659
                   3    68.50000000000000     6.38258362556839
                   4    66.53000000000000     5.25213761195854
                   5    67.45999999999999     7.17236559879851
                   6    64.08000000000000     7.56344211094767
                   7    77.98000000000000     6.45259324581672
                   8    73.54000000000001     7.77384893554841
                   9    71.20999999999999     4.70180494033618
                  10    64.48999999999999     7.22439050590555
                  11    61.92000000000000     6.13102723444408
                  12    64.83000000000000     6.76451675056592
                  13    78.05000000000000     6.51397099946094
                  14    78.25000000000000     5.77065897887798
                  15    75.20999999999999     6.20735145784514
                  16    66.20000000000000     7.17036550073575
                  17    64.69000000000000     6.20149053441871
                  18    62.52000000000000     7.63892213032253
                  19    75.23999999999999     7.81751465323445
                  20    75.17000000000000     8.31823480691849
                  21    65.52000000000000     7.43385648383275
                  22    67.67000000000000     5.31256372510799
                  23    65.68000000000001     6.68615333840367
                  24    63.32000000000000     5.08092093775898
                  25    73.53000000000000     6.65825985092383
                  26    72.20999999999999     7.77498579036669
                  27    68.47000000000000     6.27075140890812
                  28    65.39000000000000     6.66650757385929
                  29    63.61000000000000     6.49614493295054
                  30    67.65000000000001     7.30901615620852
                  31    79.22000000000000     8.21993143081332
                  32    70.59999999999999     5.57229800445965
                  33    67.56000000000000     5.46674057599705
                  34    66.81999999999999     6.75603732997683
                  35    66.42000000000000     5.77381760163669
                  36    66.80000000000000     6.28289324075680
                  37    75.12000000000000     7.13120897282792
                  38    68.69000000000000     6.76845774176217
                  39    67.17000000000000     6.83138183516174
                  40    70.09999999999999     7.42164456712985
                  41    69.56000000000000     5.44081099124241
                  42    69.18000000000001     7.86294210749759
                  43    71.75000000000000     4.93057867401039
                  44    66.36000000000000     5.13754254817840
                  45    70.92000000000000     5.83559263606889
                  46    68.37000000000000     5.96903626554522
                  47    67.51000000000001     5.32669093937656
                  48    66.61000000000000     5.66202126881248
                  49    76.05000000000000     6.17812203822423
                  50    72.39000000000000     6.69221619314242
                  51    64.23999999999999     3.87720611687427
                  52    69.69000000000000     4.98623357380350
                  53    62.15000000000000     6.29473886461840
                  54    67.36000000000000     5.77965781378487
                  55    60.90000000000000     5.76912716819696
                  56    65.20000000000000     5.42720420239974
                  57    73.83000000000000     7.66739785709532
                  58    72.26000000000001     5.14952189601867
                  59    67.09000000000000     7.71211168660482
                  60    68.30000000000000     7.31057073315377
                  61    63.93000000000000     8.42945173576886
                  62    69.03000000000000     6.01253740617105
                  63    69.62000000000000     5.59722153294730
                  64    74.43000000000001     8.16651824231234
                  65    69.23999999999999     9.41213487091440
                  66    68.90000000000001     6.44714328719756
                  67    69.31000000000000     6.13434609556732
                  68    69.63000000000000     6.14250796014169
                  69    74.62000000000000     6.46322932699539
                  70    72.18000000000001     5.19591914463416
                  71    64.73000000000000     6.80738606592171
                  72    66.86000000000000     6.79575030605320
                  73    66.61000000000000     9.46006491958846
                  74    64.37000000000000     5.80604874421513
                  75    75.25000000000000     5.83852582749994
                  76    77.62000000000000     6.97872669350407
                  77    71.20999999999999     6.72143413027880
                  78    63.11000000000000     5.87735768295017
                  79    63.11000000000000     7.09658475264793
                  80    64.77000000000000     4.94587880681656
                  81    71.64000000000000     7.59654360531648
                  82    71.30000000000000     7.98420157232235
                  83    69.78000000000000     6.70229871617254
                  84    63.20000000000000     5.59220236335625
                  85    64.76000000000001     5.09529392695065
                  86    70.42000000000000     5.37329724027280
                  87    72.54000000000001     5.98385031952376
                  88    77.09999999999999     6.57436097443868
                  89    71.50000000000000     5.85083953226571
                  90    64.59000000000000     7.84328188369325
                  91    66.38000000000000     5.94381097351597
                  92    66.06000000000000     5.90295252266596
                  93    71.02000000000000     5.40291728157254
                  94    81.58000000000000     6.23152623294801
                  95    72.15000000000001     7.55100501706076
                  96    67.59000000000000     8.08677059065352
                  97    64.92000000000000     6.82194912755804
                  98    67.70999999999999     6.95772951471958
                  99    69.78000000000000     5.58602151478459
                 100    71.70999999999999     6.60317493270617
                 101    70.50000000000000     5.41322734632772
                 102    64.38000000000000     6.87959947154548
                 103    68.93000000000001     5.86593487171413
                 104    62.19000000000000     6.37972641191682
                 105    66.52000000000000     7.10310787009049
                 106    69.54000000000001     7.57910471512488
                 107    67.94000000000000     5.94387894978497
                 108    69.27000000000000     8.29123304789737
                 109    71.18000000000001     6.94913700041272
                 110    66.73000000000000     7.80812190457908
                 111    64.63000000000000     4.22033317656463
                 112    67.44000000000000     6.24308910845918
                 113    74.12000000000000     6.36003938746459
                 114    67.55000000000000     8.57807282163852
                 115    66.84999999999999     6.85252294465846
                 116    67.08000000000000     6.06976277971555
                 117    67.45999999999999     7.14555735397806
                 118    65.05000000000000     6.44067723398116
                 119    79.22000000000000     9.01130602985141
                 120    72.30000000000000     5.68801682078520
                 121    70.98999999999999     5.93992653765409
                 122    63.42000000000000     6.88312238285603
                 123    63.70000000000000     6.31416557184612
                 124    65.84999999999999     6.10410525876651
                 125    73.05000000000000     7.40785141766913
                 126    75.40000000000001     6.32615222866175
                 127    68.93000000000001     6.21704239663975
                 128    72.14000000000000     8.92846995613334
                 129    66.48999999999999     6.11257190988665
                 130    61.23000000000000     6.22288867282257
                 131    69.81999999999999     6.59412042977866
                 132    70.77000000000000     6.47583698424108
                 133    71.09999999999999     7.47588716400194
                 134    73.94000000000000     7.69076581283546
                 135    67.17000000000000     5.24366862092377
                 136    64.06000000000000     7.84035146604482
                 137    74.75000000000000     6.03587758174552
                 138    69.48999999999999     6.29011570287507
                 139    67.76000000000001     6.29753839996152
                 140    63.75000000000000     6.80073525436772
                 141    63.07000000000000     5.38282904102002
                 142    64.81999999999999     4.80399665261997
                 143    70.06000000000000     7.69470498774870
                 144    77.58000000000000     7.03695870947016
                 145    75.42000000000000     6.18433994910214
                 146    66.79000000000001     8.58268753086848
                 147    67.19000000000000     7.27760505616617
                 148    69.90000000000001     4.73008851648015
                 149    70.75000000000000     6.21236141442482
                 150    71.87000000000000     6.22094052455905
                 151    69.59999999999999     6.58894084160280
                 152    65.55000000000000     6.06925519201974
                 153    65.29000000000001     6.83469313890758
                 154    67.56000000000000     7.65324252928922
                 155    74.34000000000000     6.34244957935549
                 156    70.17000000000000     7.85481258898523
                 157    69.89000000000000     6.54417004792522
                 158    69.70999999999999     5.81932517174848
                 159    68.64000000000000     5.79536561627156
                 160    65.52000000000000     7.32434711124894
                 161    69.44000000000000     5.21714345773488
                 162    68.14000000000000     5.02321881593140
                 163    65.27000000000000     8.14372783375667
                 164    65.45000000000000     7.23679570813023
                 165    69.73000000000000     6.56106513895234
                 166    64.72000000000000     6.72261372931208
                 167    66.38000000000000     5.84786933485827
                 168    67.91000000000000     6.07045336366272
                 169    73.31999999999999     7.25840508958025
                 170    73.44000000000000     9.34017065576363
                 171    72.73999999999999     9.35562273542904
                 172    68.48999999999999     7.94615083743778
                 173    64.92000000000000     7.12327242922872
                 174    63.61000000000000     6.54262635307562
                 175    76.31000000000000     5.87357547741483
                 176    74.26000000000001     7.17264725794240
                 177    68.69000000000000     6.30647414659064
                 178    62.44000000000000     5.36603610073054
                 179    69.34999999999999     8.58984013444683
                 180    64.45000000000000     8.61449917056099
                 181    71.56000000000000     5.60000000000000
                 182    75.73000000000000     7.12635597587923
                 183    71.81999999999999     5.76716585683141
                 184    65.25000000000000     4.55798777151196
                 185    64.79000000000001     6.03406993661824
                 186    64.86000000000000     6.20853111338411
                 187    74.68000000000001     6.62392358322193
                 188    73.62000000000000     6.18205287730360
                 189    70.00000000000000     6.30536087449210
                 190    65.62000000000000     6.17060480312616
                 191    67.20999999999999     5.36787112401559
                 192    64.34000000000000     6.17132502184519
                 193    71.61000000000000     7.04515737398693
                 194    66.27000000000000     7.16593371868636
                 195    67.43000000000001     8.49985739630823
                 196    68.44000000000000     6.92429480783846
                 197    70.64000000000000     6.09440876392601
                 198    65.93000000000001     5.73709355198627
                 199    69.83000000000000     6.00682272020069
                 200    72.11000000000000     6.06012801144922
                 201    74.31999999999999     6.96293215839594
                 202    66.15000000000001     5.30936850664878
                 203    65.04000000000001     7.43581287629760
                 204    66.59000000000000     8.06300317512155
                 205    69.12000000000000     6.65040440784459
                 206    69.39000000000000     7.02649387401826
                 207    71.69000000000000     6.15735578824468
                 208    71.58000000000000     6.71223818216706
                 209    70.41000000000000     6.16293089136307
                 210    69.17000000000000     6.49328324291550
                 211    71.76000000000001     8.18981875948005
                 212    67.13000000000000     4.43961732812661
                 213    72.05000000000000     7.34761006976920
                 214    68.28000000000000     5.51779490431283
                 215    70.09999999999999     5.46892045188910
                 216    65.42000000000000     7.31565361938275
                 217    63.70000000000000     5.90753670314370
                 218    61.22000000000000     7.21751517161726
                 219    76.31999999999999     6.97307954807906
                 220    75.26000000000001     7.72457706991722
                 221    66.40000000000001     7.14779050412847
                 222    69.84999999999999     6.54645404826618
                 223    65.81999999999999     8.26747307894686
                 224    63.34000000000000     8.31357658024243
                 225    76.26000000000001     6.05966962462443
                 226    68.92000000000000     7.67217193643509
                 227    68.26000000000001     6.63571603315929
                 228    64.79000000000001     7.28259999081802
                 229    64.69000000000000     5.89417620463735
                 230    66.51000000000001     6.31735624284319
                 231    76.04000000000001     6.03511609355000
                 232    74.34999999999999     5.56027577253742
                 233    69.06999999999999     5.90198562717958
                 234    69.84999999999999     6.65358565137641
                 235    65.37000000000000     5.34025119524193
                 236    63.20000000000000     4.51708317435493
                 237    71.09999999999999     5.62910904911858
                 238    72.86000000000000     8.14641273224236
                 239    74.69000000000000     6.78931870549973
                 240    67.54000000000001     7.76344711523890
                 241    65.19000000000000     6.91316267578148
                 242    61.21000000000000     5.98363931014724
                 243    73.16000000000000     5.11428974501441
                 244    74.77000000000000     5.29694976072803
                 245    66.66000000000000     8.81942300959775
                 246    66.70999999999999     5.52001866487841
                 247    64.56000000000000     6.84063911007908
                 248    68.63000000000000     5.26788440083930
                 249    63.75000000000000     5.45389305862789
                 250    63.69000000000000     5.90616011235111
                 251    78.25000000000000     6.71403625461487
                 252    72.39000000000000     7.00345513574434
                 253    67.97000000000000     5.52945281966023
                 254    66.20999999999999     4.87271313883070
                 255    65.69000000000000     4.75393510577279
                 256    66.95000000000000     5.62349867731267
                 257    76.03000000000000     7.12153513129456
                 258    73.31000000000000     6.70699167837097
                 259    69.84000000000000     7.28596270408053
                 260    64.23999999999999     8.19351800960597
                 261    63.22000000000000     6.43472272640061
                 262    62.64000000000000     5.51127402822083
                 263    76.00000000000000     6.95149137403135
                 264    80.87000000000000     7.56741419348496
                 265    68.14000000000000     6.66669696962810
                 266    65.73999999999999     6.86025001753073
                 267    59.45000000000000     4.40700773447440
                 268    64.48000000000000     5.75506803442045
                 269    81.63000000000000     5.26596658177813
                 270    78.19000000000000     6.04811515843547
                 271    63.34000000000000     6.01550185988357
                 272    64.02000000000000     5.88609043475044
                 273    63.91000000000000     5.62838226035571
                 274    63.47000000000000     4.71930272199381
                 275    75.50000000000000     4.14509567824654
                 276    77.05000000000000     6.33791700160170
                 277    67.44000000000000     4.50212071240775
                 278    68.25000000000000     5.86614150542042
                 279    64.76000000000001     3.94947893251551
                 280    61.81000000000000     4.18195981314836
                 281    74.48999999999999     6.43772812678071
                 282    75.76000000000001     4.97289623556504
                 283    70.02000000000000     4.60781067231708
                 284    68.56000000000000     5.14697125806169
                 285    63.26000000000000     4.73247964986260
                 286    63.92000000000000     4.03189305614145
                 287    76.83000000000000     4.24990790155707
                 288    73.09999999999999     5.84565797594396
                 289    67.75000000000000     4.27200187265877
                 290    68.84999999999999     6.22210948671321
                 291    68.20000000000000     5.23392198966888
                 292    64.12000000000000     4.83522429049511
                 293    73.59000000000000     5.00725735933617
                 294    73.28000000000000     5.22828360888633
                 295    66.61000000000000     4.47641405907483
                 296    69.39000000000000     3.97185807471221
                 297    65.22000000000000     4.98397431775085
                 298    61.81000000000000     5.50058766373782
                 299    60.47000000000000     3.31344064212548
                 300    62.01000000000000     4.00629555080551
 l=         300
                   1    70.73999999999999     4.65283664971046
                   2    68.61000000000000     5.20080607582939
                   3    69.36000000000000     6.30298951035751
                   4    64.44000000000000     7.42684184549394
                   5    69.98999999999999     7.22439050590555
                   6    71.22000000000000     7.26077047418439
                   7    72.70000000000000     7.79471460398492
                   8    74.86000000000000     8.72939999326553
                   9    67.93000000000001     5.57638418745163
                  10    70.44000000000000     6.28501504703164
                  11    65.12000000000000     5.88145518996066
                  12    67.76000000000001     7.46049528509937
                  13    76.50000000000000     6.83942817622773
                  14    73.48000000000000     6.45181048899133
                  15    70.75000000000000     6.43126046052491
                  16    68.43000000000001     5.98694708123726
                  17    66.39000000000000     7.70136417143159
                  18    68.70000000000000     9.84270226506867
                  19    71.98000000000000     7.66334578933175
                  20    73.20000000000000     7.65413996382732
                  21    69.69000000000000     7.88002845710906
                  22    67.98999999999999     6.90263454315551
                  23    62.75000000000000     5.87818256802477
                  24    64.76000000000001     5.98503183455243
                  25    73.06999999999999     6.97941417471568
                  26    74.77000000000000     5.86868938959246
                  27    71.50000000000000     7.34228104263865
                  28    64.08000000000000     7.75857948052062
                  29    64.95000000000000     7.79714399927657
                  30    65.14000000000000     7.04963642589983
                  31    77.06000000000000     7.67235625509207
                  32    70.18000000000001     6.80668120973129
                  33    70.04000000000001     6.82378490311941
                  34    67.73999999999999     6.60520150099048
                  35    65.66000000000000     5.57450908288358
                  36    67.86000000000000     6.05533407064141
                  37    69.54000000000001     6.78742152139462
                  38    66.98999999999999     6.64161201072527
                  39    66.56000000000000     8.86295205853666
                  40    70.55000000000000     7.14973334248816
                  41    64.89000000000000     8.02130370521608
                  42    66.80000000000000     7.17599815321531
                  43    71.88000000000000     7.05287390380902
                  44    74.28000000000000     8.02279580478355
                  45    72.45000000000000     6.58644920509626
                  46    67.39000000000000     5.87219952596361
                  47    67.97000000000000     6.78747360803694
                  48    68.84999999999999     5.37178374528057
                  49    69.29000000000001     7.70975375938188
                  50    69.84000000000000     6.34961225253761
                  51    70.47000000000000     6.27236201542332
                  52    70.47000000000000     6.76959184422323
                  53    69.56000000000000     8.43791347658791
                  54    68.53000000000000     5.60745355339974
                  55    65.79000000000001     5.46484633402857
                  56    65.84000000000000     6.70250970634406
                  57    68.59999999999999     5.96284793999944
                  58    72.33000000000000     7.80449883209691
                  59    62.35000000000000     6.23184231073433
                  60    63.29000000000000     5.88663097556015
                  61    61.08000000000000     7.33564701793354
                  62    66.64000000000000     5.93656704525674
                  63    77.18000000000001     6.43283873118347
                  64    72.45999999999999     5.43542439776678
                  65    66.27000000000000     7.15747119724515
                  66    71.44000000000000     6.53864966135512
                  67    69.19000000000000     6.71602185039250
                  68    67.36000000000000     6.52039535270336
                  69    72.33000000000000     7.80061510136194
                  70    67.76000000000001     5.48665967082289
                  71    70.81999999999999     6.83038369450366
                  72    69.56999999999999     6.76033440090956
                  73    66.68000000000001     6.84736917702446
                  74    64.15000000000001     6.49066929359276
                  75    78.39000000000000     6.31959434831641
                  76    72.88000000000000     6.06410202200897
                  77    72.27000000000000     6.67553198424869
                  78    64.66000000000000     5.71586486116590
                  79    63.96000000000000     6.12812690746034
                  80    62.04000000000000     6.12153014475395
                  81    71.95999999999999     5.74354270710011
                  82    71.47000000000000     7.39021329362370
                  83    67.29000000000001     8.25881225104311
                  84    66.18000000000001     5.51285000263159
                  85    66.30000000000000     6.12908284865334
                  86    69.26000000000001     5.27356663468900
                  87    74.40000000000001     7.77849924503760
                  88    76.80000000000000     6.14636297152859
                  89    67.43000000000001     6.14678202744569
                  90    63.52000000000000     6.70516158785095
                  91    66.09999999999999     5.56050284769210
                  92    69.19000000000000     5.72376756616786
                  93    79.45999999999999     6.76207487134360
                  94    69.92000000000000     6.72201268560649
                  95    64.31000000000000     5.98937611631014
                  96    69.05000000000000     6.54799684073401
                  97    64.56000000000000     6.19109820384857
                  98    73.19000000000000     6.26630398692608
                  99    76.48000000000000     6.78304481554538
                 100    67.84999999999999     6.94476766924553
                 101    67.06000000000000     7.03787732002464
                 102    65.48000000000000     5.05820665309896
                 103    66.91000000000000     5.49948574271662
                 104    64.52000000000000     6.77559494573627
                 105    70.95999999999999     5.93043851752136
                 106    71.70000000000000     8.24927300133200
                 107    66.97000000000000     6.87324633281211
                 108    68.79000000000001     6.65649982340493
                 109    68.87000000000000     4.95771004485830
                 110    68.63000000000000     7.34936951875685
                 111    65.09000000000000     6.94436040353188
                 112    66.08000000000000     5.77294280994266
                 113    76.95999999999999     7.41949384317346
                 114    70.33000000000000     8.30486652998157
                 115    65.31000000000000     7.92731500776418
                 116    64.38000000000000     8.61145584191034
                 117    65.14000000000000     7.73424759485924
                 118    69.58000000000000     7.33082601764700
                 119    75.59000000000000     6.82256357518006
                 120    71.47000000000000     6.56814319655906
                 121    68.75000000000000     6.90977202915910
                 122    67.79000000000001     5.39602360141898
                 123    68.84999999999999     5.40365570234586
                 124    61.14000000000000     6.57669592522943
                 125    73.31999999999999     5.63158481022416
                 126    72.09999999999999     7.09602250232730
                 127    69.36000000000000     5.77091278251841
                 128    68.18000000000001     6.87166631755341
                 129    65.09000000000000     6.78693784062630
                 130    67.72000000000000     6.49176634692210
                 131    68.03000000000000     7.21454059241446
                 132    71.98999999999999     6.12082882088247
                 133    68.83000000000000     7.84451812710409
                 134    73.23000000000000     7.48446876720537
                 135    69.12000000000000     6.60162208411040
                 136    63.14000000000000     7.47118369862406
                 137    71.44000000000000     5.59458612762320
                 138    70.03000000000000     6.71415661046858
                 139    72.73999999999999     7.57670539525358
                 140    66.93000000000001     5.59266294245226
                 141    67.81000000000000     8.24338731004642
                 142    67.65000000000001     7.42147443762241
                 143    76.28000000000000     6.38666540140432
                 144    67.17000000000000     6.39768739783400
                 145    66.13000000000000     6.60525502455385
                 146    69.94000000000000     6.85759919116498
                 147    67.95000000000000     7.12567558377818
                 148    68.48999999999999     6.01932074425530
                 149    69.17000000000000     7.78116737106751
                 150    67.56999999999999     6.87295240398730
                 151    72.38000000000000     5.86339440421621
                 152    68.81000000000000     8.13980740843815
                 153    68.36000000000000     6.00087535702126
                 154    65.62000000000000     6.15749522734265
                 155    73.05000000000000     6.24802999255596
                 156    74.84000000000000     7.15728067541484
                 157    67.72000000000000     7.28091458346527
                 158    62.92000000000000     7.20785205960356
                 159    68.44000000000000     6.19599088365235
                 160    70.15000000000001     8.81501817664294
                 161    69.23999999999999     6.82852010824358
                 162    64.62000000000000     6.33377988856320
                 163    69.18000000000001     9.11473443597694
                 164    66.08000000000000     9.98350154155860
                 165    69.12000000000000     6.75140090213980
                 166    68.68000000000001     5.09481812405230
                 167    66.88000000000000     5.81235187711776
                 168    63.58000000000000     5.43497837152917
                 169    64.84999999999999     6.40923418422847
                 170    70.73000000000000     6.53329468139463
                 171    71.88000000000000     7.76456597940186
                 172    75.47000000000000     6.50944147241745
                 173    63.60000000000000     8.95668589502960
                 174    68.38000000000000     6.08322747936131
                 175    73.84000000000000     5.83566187291121
                 176    70.90000000000001     6.06280263224656
                 177    76.63000000000000     6.32719798516171
                 178    68.73000000000000     7.49660529233672
                 179    60.44000000000000     5.29974270387466
                 180    63.16000000000000     6.74008062775861
                 181    68.87000000000000     7.24694989828706
                 182    71.17000000000000     8.44836365723259
                 183    77.11000000000000     7.62226271450210
                 184    69.56000000000000     7.81777306894846
                 185    66.70999999999999     6.71090624478264
                 186    62.17000000000000     6.62114000376785
                 187    74.45000000000000     6.06925519201974
                 188    71.59000000000000     7.22802486398210
                 189    69.09000000000000     7.32243680806334
                 190    69.77000000000000     7.38118684168875
                 191    65.83000000000000     6.74807117971237
                 192    66.65000000000001     6.05092029063649
                 193    69.50000000000000     6.69614693972465
                 194    64.73999999999999     6.61895044931634
                 195    68.22000000000000     8.82098049933775
                 196    69.39000000000000     7.03942002891107
                 197    70.70000000000000     6.91141640821017
                 198    69.87000000000000     5.86317905976516
                 199    71.26000000000001     6.47547042088196
                 200    67.56000000000000     6.88186021363410
                 201    68.34999999999999     6.21073524819987
                 202    70.41000000000000     7.05547283813757
                 203    63.02000000000000     7.98354368040720
                 204    64.92000000000000     6.30164320401489
                 205    68.62000000000000     5.93190313031786
                 206    70.50000000000000     7.90154057347954
                 207    74.02000000000000     5.57769729106081
                 208    73.48000000000000     5.43739390933308
                 209    68.30000000000000     6.65681089660291
                 210    65.55000000000000     5.93802164109403
                 211    68.45000000000000     8.35013457824169
                 212    68.09000000000000     5.89657493462060
                 213    73.89000000000000     6.08009668982128
                 214    71.42000000000000     5.86580572195131
                 215    71.23999999999999     6.53834069087096
                 216    66.51000000000001     6.32534584034739
                 217    68.14000000000000     5.95610204035756
                 218    65.88000000000000     6.89792824994680
                 219    70.69000000000000     7.05203602665302
                 220    70.53000000000000     9.14910714857803
                 221    70.81999999999999    10.41694423872602
                 222    68.47000000000000     6.11746134710579
                 223    64.80000000000000     6.78530795472129
                 224    64.09999999999999     6.63705545031116
                 225    72.90000000000001     8.40935025535099
                 226    70.48999999999999     7.07748600004324
                 227    70.84999999999999     6.64599066499434
                 228    65.61000000000000     6.79110380638456
                 229    67.51000000000001     6.23203681217328
                 230    67.95000000000000     7.39966556710846
                 231    71.67000000000000     7.28642712184924
                 232    73.01000000000001     6.56205036939713
                 233    71.91000000000000     8.19964892079182
                 234    71.05000000000000     5.69844033242625
                 235    63.15000000000000     5.24043139561250
                 236    62.34000000000000     7.07281036538139
                 237    76.45999999999999     6.50938716102532
                 238    73.48000000000000     6.51878404723960
                 239    67.09000000000000     7.74609057472988
                 240    67.27000000000000     5.55751379629053
                 241    65.94000000000000     5.30450542254202
                 242    67.40000000000001     7.86759111157856
                 243    78.81000000000000     9.54806553996963
                 244    76.65000000000001     5.83506467813166
                 245    72.02000000000000     7.97594869440354
                 246    66.17000000000000     7.14079898197744
                 247    64.81999999999999     7.86422663750611
                 248    59.93000000000000     7.52806868870218
                 249    61.08000000000000     7.03911151418209
                 250    63.29000000000000     6.54787343071370
                 251    69.43000000000001     6.31537325848120
                 252    76.61000000000000     7.75755741001618
                 253    70.12000000000000     4.33048857672334
                 254    65.15000000000001     6.26417584283032
                 255    61.85000000000000     5.33025479331112
                 256    69.51000000000001     5.10593831343526
                 257    73.19000000000000     5.82869079327737
                 258    73.98000000000000     6.57509841689987
                 259    70.91000000000000     6.63187131748778
                 260    62.91000000000000     6.00184315124289
                 261    61.18000000000000     7.51883829410696
                 262    62.81000000000000     4.61156867633625
                 263    78.25000000000000     7.55234260265507
                 264    76.09000000000000     7.90868976110289
                 265    72.39000000000000     7.22914276041808
                 266    68.84000000000000     6.98587319112108
                 267    63.64000000000000     6.40946270144480
                 268    63.97000000000000     7.18929479128235
                 269    78.28000000000000     8.58714096186792
                 270    72.88000000000000     6.23978761617328
                 271    69.17000000000000     6.83433843310249
                 272    61.91000000000000     6.81663888265806
                 273    66.91000000000000     6.16784591509250
                 274    62.36000000000000     6.12252011227832
                 275    70.18000000000001     7.56304144902009
                 276    72.63000000000000     6.33039006569409
                 277    69.66000000000000     6.36629381741818
                 278    69.73000000000000     8.02628887664238
                 279    66.08000000000000     6.78185338631966
                 280    63.01000000000000     6.94785047785474
                 281    71.34999999999999     6.72005140672978
                 282    74.73000000000000     6.57951365983839
                 283    70.56000000000000     5.20745386514137
                 284    68.26000000000001     6.34627067774071
                 285    67.00000000000000     7.77460252646040
                 286    66.51000000000001     6.90409774384500
                 287    79.34000000000000     6.25585786089786
                 288    73.89000000000000     7.38671343383073
                 289    72.08000000000000     6.27755340619869
                 290    69.12000000000000     6.98234425627463
                 291    64.55000000000000     7.69149471228388
                 292    64.84999999999999     7.12709299402320
                 293    69.84999999999999     5.78813659587654
                 294    70.20000000000000     6.88725950101660
                 295    70.12000000000000     7.51332822456872
                 296    64.48999999999999     7.10455110929934
                 297    63.79000000000000     6.84798134378654
                 298    64.27000000000000     8.02251251608292
                 299    62.91000000000000     5.26872802007230
                 300    61.00000000000000     5.18739731552258
 l=         400
                   1    73.16000000000000     5.26992611068895
                   2    69.95999999999999     7.07238190842278
                   3    71.59999999999999     7.32644304398578
                   4    61.59000000000000     7.59464856781977
                   5    68.90000000000001     7.15414692201790
                   6    66.84000000000000     7.81828987475244
                   7    77.37000000000000     7.76245171100320
                   8    74.12000000000000     6.87004918159803
                   9    69.79000000000001     6.58939306841692
                  10    66.59999999999999     6.72699972146017
                  11    65.16000000000000     5.59350272434659
                  12    65.40000000000001     6.42438536147446
                  13    73.77000000000000     9.03512226499644
                  14    76.72000000000000    10.11157952072971
                  15    71.45000000000000     7.80620706149079
                  16    67.11000000000000     6.75232096273854
                  17    67.56000000000000     6.49680574193848
                  18    69.54000000000001     5.90910955708013
                  19    70.98000000000000     6.32931291849297
                  20    70.51000000000001     7.12584568789395
                  21    72.34999999999999     6.97379655452024
                  22    71.29000000000001     7.57493874362671
                  23    62.77000000000000     5.40081363118446
                  24    63.53000000000000     6.31889102915882
                  25    67.30000000000000     7.06177646691587
                  26    70.30000000000000     7.40938525783279
                  27    68.29000000000001     8.71118519345947
                  28    70.04000000000001     7.15897402501986
                  29    69.15000000000001     7.57904474138523
                  30    67.83000000000000     4.72700174048471
                  31    72.31000000000000     7.77550544006529
                  32    73.80000000000000     8.39071155528781
                  33    72.92000000000000     6.45368894587437
                  34    65.33000000000000     7.50630038398048
                  35    64.76000000000001     7.63844608450296
                  36    64.89000000000000     6.93679255197176
                  37    70.31999999999999     5.89106496863228
                  38    73.92000000000000     6.45994652384283
                  39    67.77000000000000     7.30138356889994
                  40    63.44000000000000     6.01902706994136
                  41    64.48000000000000     6.94928235521663
                  42    71.19000000000000     6.77889624816860
                  43    72.38000000000000     7.75219747275350
                  44    73.09000000000000     9.47841247415953
                  45    66.77000000000000     7.27088423616809
                  46    68.52000000000000     8.55461361730699
                  47    68.28000000000000     6.62270352803159
                  48    63.98000000000000     7.46030573208375
                  49    73.81000000000000     6.79823952255734
                  50    72.63000000000000     9.18568825330300
                  51    69.94000000000000     5.89610383253555
                  52    71.48999999999999     7.15696312776035
                  53    70.19000000000000     6.86771836606274
                  54    66.98999999999999     7.81929108879527
                  55    65.16000000000000     7.20790811497618
                  56    66.83000000000000     7.47933854364843
                  57    67.20000000000000     8.01513719423593
                  58    72.40000000000001     7.12797873229717
                  59    73.04000000000001     7.12219464530819
                  60    68.48000000000000     6.24981615891236
                  61    67.70999999999999     5.54375615654515
                  62    62.61000000000000     6.08175778683908
                  63    65.26000000000001     5.32692797174522
                  64    70.15000000000001     7.94345547280809
                  65    69.98000000000000     6.69687097143739
                  66    69.22000000000000     5.90938305416124
                  67    69.55000000000000     6.88340854020108
                  68    69.31000000000000     6.59460293564274
                  69    70.65000000000001     7.34898467528514
                  70    67.69000000000000     6.81456402334609
                  71    71.45999999999999     7.15544576112516
                  72    68.76000000000001     6.52442187539102
                  73    68.53000000000000     7.50549293800376
                  74    67.11000000000000     6.60256301627166
                  75    67.95999999999999     8.21666205667091
                  76    76.54000000000001     6.25456600889270
                  77    72.70999999999999     6.06079469403413
                  78    64.84999999999999     6.96800045228402
                  79    58.10000000000000     6.75173004391161
                  80    65.44000000000000     7.32688421658431
                  81    77.22000000000000     7.64434167184850
                  82    74.13000000000000     7.58341491797605
                  83    73.48000000000000     6.75170012259539
                  84    68.81000000000000     7.54340303132010
                  85    64.72000000000000     7.04972239585261
                  86    65.88000000000000     6.38381792606363
                  87    70.30000000000000     6.58510716417253
                  88    71.64000000000000     6.19142450278911
                  89    71.48999999999999     7.87079372994833
                  90    65.30000000000000     5.86463463430923
                  91    61.93000000000000     6.37110744698362
                  92    69.30000000000000     6.03775996993466
                  93    73.33000000000000     6.76003556263433
                  94    69.20000000000000     6.45731907969319
                  95    73.03000000000000     6.43766536514095
                  96    68.47000000000000     6.81717231583876
                  97    69.59000000000000     7.87028037183639
                  98    66.89000000000000     7.12215918911895
                  99    68.81000000000000     7.32602252662426
                 100    69.45999999999999     7.93333333333333
                 101    69.59999999999999     8.63514079593706
                 102    68.39000000000000     6.71030415243466
                 103    71.54000000000001     6.49385101539148
                 104    62.88000000000000     6.71238866694723
                 105    63.26000000000000     5.61674984202419
                 106    68.40000000000001     6.33572522616110
                 107    70.81999999999999     7.11149304529881
                 108    67.59999999999999    10.24941486381077
                 109    71.53000000000000     6.35872898804740
                 110    66.13000000000000     6.74148171825570
                 111    63.79000000000000     6.92571697050606
                 112    67.34000000000000     7.78916626546841
                 113    73.89000000000000     6.53799308162325
                 114    70.66000000000000     6.83014707681387
                 115    70.98000000000000     7.04384536852972
                 116    72.18000000000001     7.31040492736348
                 117    64.88000000000000     8.57796095476158
                 118    66.31999999999999     6.62087302370009
                 119    71.18000000000001     5.99895613815227
                 120    69.84999999999999     9.00210413113950
                 121    68.81999999999999     8.37429930733843
                 122    65.44000000000000     7.95989949685296
                 123    67.22000000000000     7.35338855442328
                 124    67.70999999999999     7.48641193338729
                 125    69.95000000000000     6.95058314536313
                 126    72.25000000000000     7.48921783889238
                 127    68.92000000000000     6.39551610604072
                 128    68.81000000000000     5.24104816411621
                 129    69.50000000000000     5.75159178669767
                 130    65.63000000000000     6.02462120021339
                 131    72.63000000000000     4.96381858547378
                 132    73.48999999999999     8.12713996682745
                 133    70.70000000000000     6.57128740672771
                 134    66.17000000000000     8.61998500080722
                 135    66.72000000000000     7.42107291652112
                 136    68.18000000000001     7.72949225402617
                 137    73.28000000000000     8.07049746254401
                 138    69.90000000000001     7.49343146705934
                 139    74.20000000000000     6.80760121800876
                 140    66.23999999999999     7.02394174062951
                 141    63.68000000000000     6.88121436311289
                 142    65.91000000000000     5.40873778662309
                 143    65.58000000000000     6.22666147556723
                 144    68.34000000000000     6.79307431034422
                 145    74.98999999999999     6.27081584111121
                 146    73.41000000000000     6.22165491641813
                 147    66.98000000000000     6.16110314141810
                 148    68.69000000000000     7.59411654246931
                 149    64.62000000000000     6.26644100173957
                 150    64.77000000000000     8.42537653146550
                 151    68.56000000000000     8.92201906758914
                 152    78.69000000000000     5.62945895098349
                 153    69.53000000000000     7.63624398655663
                 154    69.66000000000000     7.24216051250515
                 155    67.20000000000000     5.42906506451594
                 156    66.02000000000000     7.72374013131990
                 157    70.67000000000000     7.12522195294911
                 158    65.08000000000000     8.58196370361125
                 159    62.57000000000000     7.22405493452048
                 160    70.90000000000001     7.08319964223212
                 161    68.63000000000000     7.71284511694484
                 162    67.88000000000000     8.40788470737588
                 163    64.19000000000000     6.90877790359569
                 164    72.05000000000000     9.07140584696793
                 165    66.43000000000001     7.44848299923541
                 166    64.55000000000000     5.49816314597866
                 167    69.05000000000000     5.31507290636733
                 168    66.29000000000001     5.74420217139496
                 169    73.84000000000000     6.32570513496681
                 170    69.65000000000001     6.70650972766555
                 171    70.34999999999999     7.80102945809466
                 172    72.67000000000000     7.09396528285439
                 173    68.80000000000000     7.79665818077712
                 174    74.76000000000001     9.47310920341352
                 175    71.90000000000001     7.69034551508670
                 176    71.84000000000000     8.35538899468632
                 177    68.05000000000000     6.52326837582437
                 178    66.61000000000000     5.27409334445842
                 179    63.80000000000000     8.04532614175912
                 180    63.23000000000000     7.90582830651674
                 181    74.89000000000000     7.95301226205543
                 182    71.59999999999999     7.01369511683529
                 183    68.95999999999999     4.91117052845816
                 184    69.97000000000000     6.99849190103760
                 185    63.89000000000000     6.30679447624993
                 186    63.27000000000000     6.53174841629233
                 187    74.84000000000000     8.12120307552639
                 188    71.88000000000000     6.32340529663049
                 189    69.39000000000000     6.94552395649911
                 190    70.41000000000000     6.11025797534380
                 191    67.45999999999999     8.10962764903917
                 192    64.38000000000000     9.96638795596925
                 193    67.23999999999999     7.77605752982002
                 194    66.25000000000000     7.74254284437417
                 195    64.13000000000000     7.47069020380394
                 196    70.17000000000000     6.59515432769095
                 197    73.40000000000001     7.31540508209570
                 198    71.55000000000000     6.44067723398116
                 199    66.12000000000000     7.80349572015936
                 200    70.34999999999999     6.25933646078344
                 201    69.55000000000000     7.50000000000000
                 202    65.59999999999999     7.91622805802528
                 203    70.86000000000000     6.64393092843523
                 204    68.28000000000000     8.24998316496599
                 205    71.73999999999999     6.12433463712384
                 206    69.73999999999999     7.98435338583526
                 207    70.92000000000000     8.50036244028227
                 208    72.23000000000000     6.95128067555203
                 209    67.81000000000000     6.74603512435193
                 210    66.27000000000000     6.74627469217065
                 211    71.17000000000000     9.93621577052269
                 212    69.31000000000000     6.68133991279467
                 213    70.79000000000001     5.93107720129124
                 214    72.78000000000000     5.75348818219228
                 215    73.70000000000000     8.91089447833608
                 216    63.26000000000000     7.40545799264354
                 217    68.81999999999999     6.15847941352966
                 218    64.53000000000000     7.39704418171628
                 219    70.92000000000000     7.23582557260550
                 220    71.15000000000001     6.23832242407097
                 221    70.34999999999999     7.24377127070024
                 222    66.20000000000000     6.62715564319957
                 223    65.06999999999999     6.87148257127039
                 224    64.93000000000001     6.86707118549580
                 225    69.70999999999999     6.62912916870335
                 226    69.00000000000000     6.41021911411062
                 227    70.31000000000000     6.52995429006230
                 228    63.98000000000000     8.01006942049893
                 229    65.69000000000000     7.08775441351227
                 230    66.36000000000000     5.78838963317558
                 231    69.73999999999999     7.43947972548206
                 232    74.01000000000001     7.24533287605535
                 233    74.23000000000000     6.35618683733503
                 234    65.16000000000000     5.89935795171171
                 235    63.95000000000000     9.12137571583886
                 236    70.79000000000001     6.33460114902049
                 237    76.12000000000000     7.90253763104618
                 238    72.56999999999999     6.31217358391983
                 239    74.79000000000001     8.18880117272758
                 240    69.48000000000000     5.23291833907566
                 241    67.84999999999999     5.24621075374668
                 242    66.98000000000000     6.81646847159454
                 243    78.81999999999999     6.64599826431612
                 244    71.94000000000000     6.98023182735619
                 245    64.09000000000000     6.97049336688428
                 246    63.26000000000000     6.21438539668935
                 247    66.42000000000000     6.83747841759747
                 248    64.84000000000000     7.46942589710369
                 249    61.52000000000000     7.02302130730274
                 250    63.01000000000000     7.20478937228493
                 251    69.91000000000000     8.13161308186336
                 252    72.16000000000000     8.86454747971954
                 253    71.93000000000001     7.90506166958867
                 254    70.76000000000001     6.64712286814697
                 255    71.43000000000001     7.76453345655615
                 256    67.33000000000000     9.45382718716862
                 257    71.30000000000000     5.81447167058889
                 258    69.51000000000001     7.75703655796569
                 259    67.29000000000001     6.01394843323218
                 260    65.59000000000000     6.55064959381969
                 261    62.61000000000000     8.54801648679890
                 262    64.34999999999999     6.29634333513821
                 263    70.95000000000000     5.15492311516208
                 264    75.06999999999999     6.29133603385712
                 265    72.84999999999999     6.49689125348393
                 266    69.69000000000000     6.18844638716929
                 267    65.48000000000000     8.16060999898633
                 268    64.63000000000000     6.12274283291237
                 269    72.39000000000000     6.24078310289452
                 270    72.36000000000000     4.86280461121652
                 271    68.04000000000001     6.43211638670517
                 272    64.53000000000000     6.51564550628995
                 273    67.69000000000000     6.41761307463745
                 274    64.36000000000000     7.04031679727983
                 275    70.70000000000000     8.21983312273774
                 276    71.89000000000000     9.12637979051979
                 277    70.55000000000000     6.92874994191418
                 278    68.62000000000000    12.26457492046904
                 279    65.56999999999999     7.22964575741978
                 280    64.16000000000000     9.51630180269626
                 281    72.42000000000000     8.17754995290908
                 282    71.30000000000000     6.46904048901263
                 283    68.66000000000000     5.97168402555009
                 284    65.98000000000000     6.78676668379001
                 285    68.62000000000000     6.73267323497056
                 286    67.16000000000000     6.84270606285454
                 287    74.55000000000000     6.39977114489813
                 288    74.66000000000000     5.47394194379520
                 289    70.16000000000000     7.21911044073683
                 290    69.27000000000000     6.40210666085545
                 291    70.95000000000000     7.78158276336057
                 292    72.61000000000000     7.69742840437013
                 293    72.28000000000000     6.89763537289220
                 294    63.60000000000000     8.82031630940636
                 295    67.72000000000000     5.00722710013469
                 296    65.95999999999999     6.13965418695170
                 297    63.12000000000000     8.25634742045614
                 298    63.97000000000000     8.25044228995015
                 299    64.08000000000000     9.11174178649935
                 300    63.22000000000000     7.10609355810671
 l=         500
                   1    71.20000000000000     8.82489591319852
                   2    64.70999999999999     6.33141119157236
                   3    75.09000000000000     6.01025218382152
                   4    71.77000000000000     7.18845173760236
                   5    73.84000000000000     7.11907382467776
                   6    72.70000000000000     8.36358146666217
                   7    69.51000000000001     7.75443177294198
                   8    70.45000000000000     7.81138123302638
                   9    67.68000000000001     9.36992825775926
                  10    66.02000000000000     7.16329025467538
                  11    67.73000000000000     6.47115589256345
                  12    65.20999999999999     6.17472037562607
                  13    73.80000000000000     7.56253391343928
                  14    73.48999999999999     6.50018647751157
                  15    69.98000000000000     9.23320752567174
                  16    68.17000000000000     6.25397651276548
                  17    66.09999999999999     5.84047182264508
                  18    68.16000000000000     7.99333055323832
                  19    73.72000000000000     7.60924477596864
                  20    70.56000000000000     6.01902706994136
                  21    65.63000000000000     5.77814587017061
                  22    68.13000000000000     5.90438118448641
                  23    67.18000000000001     6.90100270858072
                  24    67.28000000000000     6.35177538213140
                  25    68.33000000000000     8.24505361358609
                  26    69.23999999999999     6.53679561939158
                  27    68.43000000000001     7.50791501542125
                  28    69.40000000000001     6.18241233033047
                  29    69.70000000000000     8.17918027060108
                  30    66.20000000000000     6.71196730106048
                  31    71.67000000000000     8.19590314015656
                  32    73.20999999999999     6.37909306115127
                  33    68.98000000000000     7.42501913067630
                  34    66.15000000000001     6.61399648434662
                  35    70.64000000000000     5.31154640877073
                  36    66.04000000000001     7.61035976531831
                  37    70.39000000000000     5.37088108566589
                  38    67.84000000000000     7.40559439092017
                  39    68.36000000000000     6.58053450286786
                  40    64.25000000000000     6.69897474441146
                  41    67.88000000000000     7.41044853397872
                  42    69.55000000000000     6.23832242407097
                  43    71.37000000000000     5.72369697579345
                  44    73.94000000000000     7.24439177027389
                  45    68.15000000000001     6.83628908727889
                  46    70.31999999999999     7.36066531907231
                  47    71.64000000000000     7.37251242073822
                  48    65.59999999999999     6.62410657211883
                  49    69.98000000000000     6.66360535773513
                  50    70.00000000000000     8.10162722151320
                  51    71.65000000000001     6.76648753308196
                  52    71.70999999999999     8.55439517252253
                  53    66.11000000000000     7.46289812906812
                  54    65.20999999999999     6.26888258694393
                  55    67.65000000000001     6.43126046052491
                  56    68.20000000000000     6.55820867387589
                  57    72.25000000000000     6.44381310038763
                  58    72.22000000000000     6.18335987905761
                  59    66.88000000000000     6.83910325505715
                  60    66.97000000000000     7.08170926123108
                  61    64.95999999999999     8.70495040859864
                  62    64.26000000000001     5.84759296072696
                  63    71.52000000000000     7.28701626597650
                  64    72.08000000000000     6.70696908770529
                  65    72.62000000000000     7.46815461364676
                  66    68.59000000000000     7.41292210544628
                  67    70.34000000000000     6.12037498025978
                  68    64.44000000000000     4.87276496291770
                  69    67.56999999999999     5.80709249386672
                  70    67.84999999999999     6.97234798067598
                  71    68.11000000000000     7.09516124773166
                  72    61.52000000000000     5.94839762822177
                  73    66.34999999999999     7.03580309932884
                  74    72.06000000000000     6.06999575657582
                  75    76.70999999999999     7.97001324409885
                  76    74.84000000000000     7.83119893551918
                  77    68.70999999999999     6.62150613035610
                  78    68.45000000000000     6.95203625427889
                  79    68.00000000000000     5.35035163575840
                  80    68.75000000000000     9.64351983185988
                  81    71.98999999999999     7.56720062192917
                  82    68.84999999999999     8.82189081635890
                  83    68.54000000000001     5.95338796676550
                  84    66.19000000000000     5.26028573944477
                  85    70.88000000000000     6.00047136195620
                  86    69.00000000000000     6.04361253930565
                  87    74.03000000000000     6.92449174009081
                  88    73.16000000000000     7.48023658676244
                  89    69.84000000000000     5.97591124026413
                  90    64.72000000000000     4.90944256129209
                  91    62.76000000000000     7.27680693655667
                  92    63.60000000000000     7.65941686205071
                  93    67.61000000000000     7.44663845251159
                  94    72.30000000000000     6.50951130068436
                  95    71.95000000000000     7.75688029553067
                  96    74.22000000000000     6.40640462365750
                  97    69.33000000000000     7.21538059784216
                  98    72.05000000000000     7.81138123302638
                  99    67.61000000000000     7.13349617486178
                 100    66.16000000000000     7.40968517168134
                 101    67.54000000000001     6.42818918215824
                 102    69.67000000000000     6.12010265973183
                 103    69.29000000000001     6.25436413291317
                 104    69.33000000000000     5.81022261782514
                 105    66.44000000000000     5.96846934000890
                 106    64.40000000000001     6.36753127557726
                 107    67.44000000000000     5.33204529901117
                 108    69.39000000000000     5.98971340438478
                 109    66.26000000000001     5.92140441981717
                 110    64.52000000000000     5.71809108501829
                 111    62.03000000000000     7.27588378470168
                 112    62.37000000000000     5.34781178699203
                 113    68.04000000000001     7.10799805596740
                 114    75.52000000000000     6.63702501201412
                 115    77.69000000000000     6.57466057041439
                 116    74.08000000000000     7.16145688016514
                 117    74.43000000000001     6.94895530263218
                 118    63.65000000000000     5.95331161555644
                 119    66.77000000000000     6.38630953641847
                 120    71.34999999999999     9.69575039682725
                 121    66.45999999999999     6.44074780776521
                 122    71.66000000000000     6.10219367742189
                 123    67.53000000000000     6.26430484184120
                 124    65.97000000000000     7.39977477134721
                 125    65.81000000000000     7.91328635966758
                 126    71.45000000000000     6.84514869130398
                 127    71.64000000000000     7.19079096813937
                 128    65.06000000000000     6.78950467540702
                 129    68.09999999999999     6.38732962966370
                 130    65.48999999999999     8.05473071360470
                 131    73.70999999999999     5.49434052255389
                 132    78.53000000000000     6.58350402540511
                 133    68.20000000000000     7.31264298832833
                 134    69.45999999999999     5.52938888252051
                 135    66.77000000000000     8.09271401953759
                 136    65.20000000000000     5.33711986794830
                 137    69.54000000000001     6.47671821124548
                 138    68.30000000000000     6.35880047134233
                 139    69.81999999999999     6.14534397127228
                 140    76.22000000000000     7.69570259195600
                 141    66.51000000000001     7.10312920088354
                 142    65.81999999999999     6.32036950716259
                 143    61.59000000000000     5.77366889639963
                 144    64.25000000000000     7.70199370752191
                 145    73.02000000000000     7.70934104797157
                 146    77.23000000000000     6.17072757362361
                 147    68.56999999999999     5.60348917274683
                 148    67.05000000000000     6.41396046829795
                 149    66.22000000000000     8.35401071040102
                 150    68.95999999999999     6.25214306692457
                 151    71.30000000000000     7.96012791126100
                 152    66.04000000000001     6.37533124510786
                 153    69.00000000000000     9.38621383205231
                 154    67.44000000000000     6.64894614570496
                 155    69.59999999999999     8.02772971919486
                 156    74.19000000000000     8.12365917452464
                 157    70.23000000000000     8.35555219750631
                 158    64.28000000000000     6.65313778785938
                 159    65.01000000000001     6.98554785166337
                 160    73.55000000000000     9.26421921026038
                 161    64.62000000000000     7.80673110239173
                 162    69.61000000000000     7.22774536285715
                 163    72.17000000000000     7.24193037494531
                 164    66.05000000000000     7.74645569002855
                 165    68.70999999999999     8.28445666427329
                 166    66.90000000000001     5.14339823993296
                 167    67.22000000000000     6.08621558951211
                 168    65.43000000000001     5.32054337621467
                 169    68.09999999999999     6.35085296108588
                 170    67.02000000000000     6.30212406072490
                 171    71.78000000000000     7.13163389555311
                 172    73.08000000000000     8.15838169732159
                 173    69.89000000000000     5.10672956682522
                 174    72.73999999999999     6.48638044776371
                 175    71.44000000000000     7.04289885220740
                 176    69.47000000000000     7.69291291325393
                 177    70.89000000000000     6.16588037575177
                 178    66.61000000000000     6.99335182133501
                 179    64.18000000000001     6.26418390534633
                 180    69.62000000000000     6.62834440074967
                 181    67.03000000000000     7.33809074334569
                 182    71.84000000000000     8.08380348523384
                 183    73.14000000000000     9.25510506136855
                 184    68.14000000000000     7.76422773514741
                 185    70.98000000000000     8.90123133009805
                 186    66.53000000000000     8.00436118499147
                 187    71.16000000000000     5.53176319453427
                 188    68.06000000000000     7.64201570532304
                 189    65.66000000000000     6.27037285634401
                 190    64.95999999999999     7.57577212119816
                 191    64.81000000000000     8.20285119191904
                 192    62.83000000000000     8.21682801488887
                 193    68.83000000000000     7.83034114354173
                 194    67.87000000000000     7.03620507220915
                 195    73.81000000000000     8.38311795614655
                 196    73.63000000000000     7.07343158187272
                 197    72.65000000000001     5.80208078314508
                 198    68.23000000000000     6.53020178505499
                 199    69.68000000000001     6.19038028563739
                 200    68.17000000000000     8.71554399166840
                 201    71.65000000000001     6.87606741025006
                 202    68.73999999999999     6.29994388302729
                 203    63.31000000000000     7.70634659081577
                 204    67.48999999999999     6.28850964341739
                 205    73.08000000000000     6.49736543344744
                 206    73.89000000000000     8.11146463876029
                 207    67.01000000000001     5.05623927000647
                 208    66.67000000000000     5.34478883369284
                 209    70.68000000000001     7.24865713791391
                 210    68.40000000000001     6.11340636419152
                 211    69.54000000000001     7.58310189457021
                 212    72.73999999999999     5.62932437591697
                 213    71.09999999999999     8.44052274698814
                 214    72.34000000000000     6.63358458485640
                 215    69.70000000000000     8.70910356170398
                 216    64.98999999999999     5.88525807643663
                 217    61.10000000000000     6.85123302328814
                 218    64.31000000000000     7.36589876705244
                 219    77.78000000000000     7.61388948772657
                 220    69.28000000000000     8.59772109810548
                 221    66.81999999999999     5.54208872851631
                 222    65.61000000000000     6.81189541845140
                 223    69.45000000000000     6.33153882072785
                 224    68.51000000000001     6.28690317367394
                 225    72.79000000000001     6.00386239319021
                 226    70.22000000000000     5.27157423826080
                 227    70.68000000000001     8.15739114564395
                 228    67.93000000000001     8.69372814682568
                 229    64.65000000000001     8.23441288469042
                 230    68.45999999999999     8.73448986096573
                 231    65.45000000000000     5.54390191876159
                 232    66.56000000000000     5.62878604347619
                 233    69.55000000000000     8.01812970962705
                 234    63.87000000000000     7.16283195504136
                 235    69.98999999999999     7.48533245889600
                 236    71.76000000000001     7.25456317559416
                 237    69.95000000000000     4.95713953033726
                 238    68.26000000000001     8.02473449008524
                 239    69.61000000000000     6.19203626695719
                 240    70.00000000000000     6.20361575896255
                 241    71.40000000000001     6.52268767805531
                 242    73.52000000000000     7.63627705578623
                 243    72.73000000000000     9.09196004026290
                 244    70.59999999999999     6.99927846209157
                 245    78.45000000000000     5.60911055445703
                 246    64.20999999999999     5.74068415308267
                 247    62.48000000000000     6.97829245994790
                 248    62.93000000000000     7.99021497542684
                 249    64.25000000000000     6.33791700160170
                 250    64.56000000000000     5.80720555548332
                 251    69.93000000000001     6.07404646047759
                 252    69.56000000000000     7.03285220241476
                 253    68.29000000000001     7.56693364900769
                 254    71.48000000000000     5.94500044600758
                 255    70.06999999999999     6.86854196222668
                 256    73.06000000000000     6.08163322030050
                 257    67.77000000000000     5.91156203186312
                 258    69.81999999999999     8.64727434139530
                 259    70.97000000000000     7.05885073771742
                 260    66.03000000000000     6.61717233393310
                 261    64.37000000000000     5.31750492109397
                 262    66.48999999999999     5.54412055490073
                 263    76.04000000000001     5.71710175921791
                 264    73.34000000000000     7.02120885157063
                 265    70.66000000000000     7.96357870926042
                 266    67.36000000000000     6.84831321855199
                 267    66.13000000000000     6.45051873256655
                 268    65.12000000000000     4.43648782737249
                 269    66.12000000000000     6.52312127061202
                 270    70.22000000000000     7.93735574115310
                 271    68.40000000000001     7.79277054244976
                 272    67.23000000000000     6.65279617677386
                 273    64.50000000000000     5.96369487529808
                 274    63.52000000000000     6.69611677003768
                 275    72.01000000000001     6.22555015620907
                 276    75.91000000000000     8.56595917370942
                 277    70.65000000000001     6.02415172787041
                 278    69.95000000000000     7.97898122658159
                 279    65.86000000000000     6.26037724361106
                 280    68.08000000000000     7.84274740564089
                 281    73.90000000000001     5.62012976592699
                 282    72.65000000000001     8.12201771219268
                 283    67.86000000000000     8.48054219726522
                 284    65.02000000000000     7.10666211836798
                 285    61.20000000000000     6.43381219759633
                 286    65.16000000000000     6.55315484204657
                 287    75.23000000000000     7.17016123397599
                 288    76.54000000000001     7.08165933873545
                 289    68.93000000000001     5.70354311287326
                 290    66.40000000000001     6.63324958071080
                 291    67.54000000000001     7.72039146963705
                 292    70.38000000000000     7.27633496377472
                 293    72.93000000000001     7.48905598830451
                 294    67.17000000000000     6.30865206752527
                 295    70.05000000000000     5.84544197808788
                 296    65.84999999999999     5.92610216488772
                 297    58.71000000000000     4.64343785912067
                 298    63.75000000000000     5.97363737050915
                 299    63.21000000000000     5.67342733960503
                 300    70.26000000000001     6.39226173595935
